0.2
53
2 64 144
3 75 19 20 76 
1 0.001881195361575782 0.00207187659672326 0.0006728677651465731 0.0007414242121493524 3 6 36 37 5 
1 -0.000276767801960179 6.122842206137633e-05 -0.0001544384859372209 -4.058202695550305e-05 3 4 38 39 3 
1 0.0001401597898393583 -0.0006432823329211411 -0.0004252282069514998 0.0005098344857295228 3 9 33 34 8 
1 0.004330211928475101 5.717589803432318e-05 -0.0001837424487103148 -0.0001944710144612679 3 12 13 47 40 
1 -0.006583971084574641 -0.0005154535653395637 0.00513453578309877 0.001518306172913803 3 53 60 29 30 
1 0.002624021256410506 -0.012092263364242 -0.02379220638555769 0.007150483115525961 3 61 68 69 62 
1 0.0001711607752022402 0.0001376944133227914 -0.0003015809637667717 -9.839422416869602e-05 3 81 25 18 26 
1 0.002456564467623884 -0.002630396349619425 0.0006391013495887464 -0.0009479565400509924 3 58 65 66 59 
1 0.1839128735681366 -0.2011190698513426 0.147034989157996 -0.1378771359852295 3 35 42 43 36 
1 -0.002609578205871326 -0.001499354104529187 -0.002975088314705013 -0.001527769091987471 3 50 57 58 51 
1 0.04280138047837558 -0.008706634096010977 0.0724153410947138 -0.02893444513081514 3 42 49 50 43 
1 -0.0003790136961527876 0.001967676666681863 4.515356423260328e-05 0.001643937460875748 3 72 79 80 73 
1 0.01394683230314569 -0.01745489899168431 0.01298399808412329 -0.01519402898556587 3 34 41 42 35 
1 -0.0001448320426211195 -0.0003408979690944227 -0.0002488521519231576 0.0002682266535163226 3 64 71 72 65 
1 0.02146330913261322 -0.01812692840543856 0.01829344504430557 -0.01550728215526566 3 41 48 49 42 
1 -0.0001481154726255994 7.515669227170442e-05 0.0001388919033160372 2.057944497024355e-05 3 71 78 79 72 
1 -0.008585120767018979 0.008697194228949537 -0.006835782590178297 0.006895257190852616 3 55 62 63 56 
1 -0.0003531472001895743 -7.298619894303858e-05 -0.000347684098964873 1.138338381380589e-05 3 70 77 78 71 
1 0.001346922378968085 -0.002002386872275092 0.001355016592819563 -0.001759211019739868 3 7 35 36 6 
1 -0.0001836588129234298 -3.622062558503349e-05 -6.045198151893784e-05 0.0001307492559057439 3 8 34 35 7 
1 0.002000537489975165 -0.0005199194260050019 -0.001010947177573751 1.092756451514127e-06 3 69 76 77 70 
1 -3.470352674470539e-05 0.0001326375617445252 -0.0001331986895345534 8.704426828819078e-05 3 59 66 67 60 
1 0.2019578954249234 -0.2126589503931543 -0.1270267972220531 0.1118018395573882 3 66 73 74 67 
1 -0.03048957549526857 0.04315152993852456 0.03063236785995573 -0.02601602053781037 3 79 23 24 80 
1 -0.002333167944832447 0.003621441290973936 -0.002379876440026048 0.003232831173972477 3 36 43 44 37 
1 -0.01662079751381254 -0.00942202301366277 0.0002701003542727703 0.002323252444705391 3 17 10 19 75 
1 0.0009009652923125031 0.0007975123101371142 0.001071783611084196 0.001037172243904339 3 77 21 22 78 
1 0.0001531941659985794 0.0009809130877339554 -5.11431659734601e-05 0.0007516830328073115 3 49 56 57 50 
1 0.0001213819644521209 0.0002554786614948336 0.0004216423805959712 0.0004386006227450909 3 56 63 64 57 
1 0.002592124555346214 -0.0001867218547184271 0.002378999612804199 -0.000566401714105094 3 33 40 41 34 
1 0.001452772022545855 -0.0007863480458644457 -0.0001956463074585351 1.740987313241148e-05 3 63 70 71 64 
1 0.001853603249483829 -0.0005727745540406546 0.001363988349788496 -0.0002752903971086665 3 16 17 75 68 
1 0.001108891303993672 -0.0002972842152730025 0.0001759652809457437 -8.627569169679545e-06 3 5 37 38 4 
1 -0.0001482174583519869 -0.000952350234792675 0.0004408269879905437 -0.0005071336153325428 3 47 54 55 48 
1 0.0001196380126287888 -0.0002407127277763198 -0.0001183483799422043 0.0003071256694972018 3 54 61 62 55 
1 -0.0001011451677749323 -6.297936214714669e-06 3.862587164278824e-05 -5.195741714973482e-05 3 68 75 76 69 
1 0.0005844579766097175 -4.576722709870395e-05 -0.0002850131979742152 5.891745338707627e-05 3 2 11 33 9 
1 0.001518583645158143 0.0008504591458089766 0.001236696286013269 -0.0002350293058287886 3 80 24 25 81 
1 0.003200927962675538 -0.001334906817169719 0.003297822446645838 -0.002364525359180536 3 37 44 45 38 
1 -0.0054872503597846 0.01497441641407967 0.0008703115550614818 0.006837913670453336 3 15 16 68 61 
1 0.001378076218039815 0.0002163829563303918 -7.601631602429928e-05 8.227555879309152e-05 3 46 53 30 31 
1 -0.009735804937800321 0.008397081037826406 -0.002764177253902316 -0.00945210638286407 3 51 58 59 52 
1 0.613444042366949 -0.06412094219678356 0.1606116454280362 0.00926008505613018 3 73 80 81 74 
1 -0.001263597093924149 -0.00432196054956565 -0.009408589947144974 0.007133616367174845 3 78 22 23 79 
1 0.002405001563561326 -0.002735619398184637 0.001851310929893833 -0.002080560938271864 3 57 64 65 58 
1 -0.02761311114963958 0.01567815419143318 -0.03045706921820096 0.01811469543299655 3 39 46 31 32 
1 -0.008549246421104603 -0.004181789320432721 0.004847433454052241 0.001204972195788441 3 14 15 61 54 
1 0.0004639656275163743 0.0002294766554107523 -0.0002218123109823199 -3.067712007822027e-05 3 62 69 70 63 
1 -0.0003220385698218195 8.746884805496991e-05 -0.0002285255138265819 7.318750806014161e-05 3 38 45 46 39 
1 -0.01507499416754318 0.0126845916645158 -0.002286842836499212 -0.008782846139901579 3 67 74 27 28 
1 0.02486691602338582 -0.01949900008671447 0.0001847188067497349 0.0007600370095858355 3 45 52 53 46 
1 0.1950182668126846 0.1388971659489273 -0.09393255125149044 -0.05076295870667944 3 52 59 60 53 
1 0.5517472841691269 -0.0407225313727972 -0.2243573104503575 0.01110918939270079 3 44 51 52 45 
1 0.2699713541972656 0.1584968940913463 0.04645368249550025 0.0302552845632316 3 13 14 54 47 
1 -0.001731976197267622 0.0018610931219326 0.002246560234836254 -0.002225552931933822 3 43 50 51 44 
1 0.008190220796287491 0.02150633364019621 0.04848566030270067 0.02602493087217693 3 3 39 32 1 
1 -0.001134731090471822 0.0004360450432993099 -0.0002874034113496206 0.0001764494992056176 3 65 72 73 66 
1 -0.0564188710204821 0.06391099976962265 -0.05059161059823107 0.05307455713227983 3 11 12 40 33 
1 -0.001598810949493893 -0.002153912959930989 0.0008694399556770315 0.0005284084078055182 3 60 67 28 29 
1 -0.07258914387599846 0.05192682370768631 0.02123313217292688 -0.01360427523029217 3 76 20 21 77 
1 0.0003373699727867642 0.0002810877724091714 -6.057721314197164e-05 -0.0002853172609533137 3 74 81 26 27 
1 -0.006934120070647994 0.00623278601172145 -0.000535838592842523 0.0003442481953098423 3 48 55 56 49 
1 -5.764206404086199e-05 -2.570547080686753e-05 -0.0001170502362520467 -0.0001134972445204386 3 40 47 48 41 
1 0.00088477530662565 2.241720066623958e-06 -0.0007546597290228888 -0.0002077660309213 1 28 67 
1 7 35 
1 79 23 
1 24 25 
1 31 32 
1 58 65 
1 31 46 
1 68 16 
1 45 46 
1 29 30 
1 60 59 
1 33 40 
1 63 70 
1 73 74 
1 17 10 
1 43 44 
1 47 54 
1 81 80 
1 54 61 
1 27 28 
1 4 5 
1 61 15 
1 45 38 
1 30 53 
1 75 68 
1 45 52 
1 11 33 
1 62 63 
1 70 69 
1 50 43 
1 32 1 
1 22 78 
1 26 81 
1 54 14 
1 64 57 
1 41 48 
1 14 15 
1 44 45 
1 21 22 
1 52 51 
1 28 29 
1 1 3 
1 32 39 
1 69 62 
1 12 13 
1 39 46 
1 46 53 
1 81 25 
1 26 27 
1 13 47 
1 67 60 
1 3 4 
1 74 67 
1 40 41 
1 81 74 
1 48 47 
1 44 51 
1 4 38 
1 39 3 
1 58 51 
1 62 61 
1 38 39 
1 68 69 
1 22 23 
1 52 53 
1 40 12 
1 2 11 
1 13 14 
1 47 40 
1 51 50 
1 74 27 
1 57 58 
1 61 68 
1 11 12 
1 18 26 
1 50 57 
1 60 29 
1 25 18 
1 53 60 
1 42 49 
1 49 56 
1 56 55 
1 66 59 
1 66 73 
1 76 77 
1 20 76 
1 5 6 
1 65 66 
1 73 72 
1 42 43 
1 19 20 
1 33 34 
1 77 78 
1 37 5 
1 9 33 
1 6 36 
1 34 8 
1 54 55 
1 35 42 
1 8 9 
1 72 65 
1 15 16 
1 76 75 
1 72 79 
1 77 21 
1 63 56 
1 36 37 
1 66 67 
1 6 7 
1 70 77 
1 75 19 
1 20 21 
1 35 34 
1 65 64 
1 41 42 
1 71 72 
1 78 79 
1 48 49 
1 24 80 
1 59 52 
1 43 36 
1 16 17 
1 80 73 
1 23 24 
1 30 31 
1 37 38 
1 34 41 
1 7 8 
1 64 71 
1 71 78 
1 10 19 
1 55 48 
1 55 62 
1 59 58 
1 36 35 
1 9 2 
1 75 17 
1 69 76 
1 49 50 
1 79 80 
1 56 57 
1 63 64 
1 44 37 
1 71 70 
37 
1 71 70 
